25/05/2020 17:46:26,34.25,21.31,32.13,27.44,29.87
25/05/2020 18:46:27,33.38,21.37,31.06,26.94,29.87
25/05/2020 19:46:31,34.50,21.44,31.87,27.12,29.94
31/05/2020 14:15:59,29.87,22.56,30.12,27.75,23.12
31/05/2020 15:16:02,31.44,22.56,30.62,27.75,26.12
31/05/2020 16:16:04,29.69,22.56,31.87,27.75,26.87
31/05/2020 17:16:06,31.25,22.62,32.50,27.75,27.19
31/05/2020 18:16:08,29.56,22.56,32.31,27.75,27.31
31/05/2020 19:16:09,31.06,22.56,31.81,27.75,27.31
31/05/2020 20:16:13,29.87,22.56,31.31,27.75,27.31
31/05/2020 21:16:15,30.75,22.50,30.75,27.75,27.31
31/05/2020 22:16:16,31.62,22.50,30.31,27.75,27.31
31/05/2020 23:16:18,30.37,22.50,30.75,27.69,27.31
01/06/2020 00:16:20,31.94,22.44,32.50,27.69,27.31
01/06/2020 01:16:22,30.00,22.37,32.06,27.69,27.31
01/06/2020 02:16:25,31.56,22.37,31.19,27.62,27.25
01/06/2020 03:16:27,29.56,22.25,30.44,27.56,27.19
01/06/2020 04:16:29,30.69,22.12,31.81,27.50,27.12
01/06/2020 05:16:31,31.87,22.00,31.94,27.44,27.06
01/06/2020 06:16:32,29.62,21.87,30.69,27.37,27.00
01/06/2020 07:16:36,30.50,21.81,31.44,27.37,27.00
01/06/2020 08:16:39,31.69,21.75,31.94,27.37,27.00
01/06/2020 09:16:40,30.31,21.75,30.62,27.37,27.00
01/06/2020 10:16:42,30.19,21.69,31.75,27.31,26.94
01/06/2020 11:16:44,31.25,21.69,31.81,27.31,26.94
01/06/2020 12:16:46,31.87,21.62,30.56,27.31,26.94
01/06/2020 13:16:47,29.81,21.62,31.69,27.31,26.94
01/06/2020 14:16:51,30.87,21.62,31.94,27.37,27.00
01/06/2020 15:16:53,31.87,21.62,30.62,27.37,26.94
01/06/2020 16:16:55,29.62,21.56,31.50,27.37,26.94
01/06/2020 17:16:58,30.50,21.56,31.87,27.31,27.00
01/06/2020 18:17:00,31.69,21.56,30.62,27.37,27.00
01/06/2020 19:17:01,29.87,21.56,31.19,27.44,27.00
01/06/2020 20:17:05,30.50,21.62,32.25,27.44,27.06
01/06/2020 21:17:08,31.81,21.69,31.25,27.50,27.06
01/06/2020 22:17:10,29.62,21.69,30.31,27.50,27.06
01/06/2020 23:17:12,30.69,21.69,32.38,27.44,27.06
02/06/2020 00:17:14,31.94,21.69,31.62,27.37,27.00
02/06/2020 01:17:17,29.62,21.62,30.44,27.37,27.00
02/06/2020 02:17:20,30.56,21.56,32.31,27.31,26.94
02/06/2020 03:17:23,31.62,21.50,31.44,27.25,26.87
02/06/2020 04:17:24,31.37,21.37,30.12,27.25,26.87
02/06/2020 05:17:26,29.87,21.37,32.19,27.25,26.87
02/06/2020 06:17:30,30.75,21.37,30.75,27.25,26.87
02/06/2020 07:17:32,31.81,21.37,31.69,27.25,26.87
02/06/2020 08:17:35,30.19,21.44,31.62,27.25,26.87
02/06/2020 09:17:37,30.12,21.44,30.25,27.25,26.87
02/06/2020 10:17:39,31.06,21.44,32.38,27.25,26.87
02/06/2020 11:17:42,31.94,21.44,30.94,27.25,26.87
02/06/2020 12:17:44,29.87,21.44,31.31,27.25,26.87
02/06/2020 13:17:46,30.25,21.37,31.75,27.25,26.81
02/06/2020 14:17:47,31.19,21.37,30.31,27.25,26.81
02/06/2020 15:17:49,31.94,21.31,32.38,27.25,26.81
02/06/2020 16:17:53,29.69,21.31,31.12,27.25,26.87
02/06/2020 17:17:55,30.31,21.31,30.37,27.25,26.87
02/06/2020 18:17:57,31.37,21.31,32.19,27.25,26.87
02/06/2020 19:17:59,31.75,21.31,30.81,27.31,26.87
02/06/2020 20:18:01,29.94,21.37,31.06,27.31,26.94
02/06/2020 21:18:04,31.00,21.44,32.13,27.37,27.00
02/06/2020 22:18:07,31.94,21.44,30.87,27.37,27.00
02/06/2020 23:18:10,29.81,21.50,30.25,27.37,27.00
03/06/2020 00:18:11,31.00,21.50,32.38,27.37,27.00
03/06/2020 01:18:13,31.94,21.50,31.19,27.37,27.00
03/06/2020 02:18:16,29.75,21.50,30.12,27.37,27.00
03/06/2020 03:18:18,30.87,21.50,32.44,27.31,27.00
03/06/2020 04:18:20,31.94,21.50,31.31,27.31,26.94
03/06/2020 05:18:22,29.56,21.44,30.19,27.25,26.94
03/06/2020 06:18:23,30.37,21.37,32.44,27.25,26.94
03/06/2020 07:18:25,31.44,21.31,30.94,27.19,26.81
03/06/2020 08:18:29,31.87,21.25,31.50,27.19,26.81
03/06/2020 09:18:30,29.69,21.19,31.69,27.19,26.81
03/06/2020 10:18:32,30.50,21.19,30.25,27.19,26.81
03/06/2020 11:18:34,31.50,21.19,32.44,27.12,26.81
03/06/2020 12:18:36,31.81,21.12,30.94,27.12,26.81
03/06/2020 13:18:37,29.69,21.19,30.87,27.19,26.81
03/06/2020 14:18:41,30.62,21.19,32.00,27.19,26.87
03/06/2020 15:18:44,31.69,21.25,30.62,27.25,26.87
03/06/2020 16:18:45,30.94,21.25,31.94,27.25,26.87
03/06/2020 17:18:47,30.06,21.25,31.69,27.25,26.87
03/06/2020 18:18:49,31.12,21.31,30.50,27.31,26.94
03/06/2020 19:18:52,31.87,21.37,31.94,27.31,27.00
03/06/2020 20:18:54,29.94,21.44,32.00,27.37,27.06
03/06/2020 21:18:56,31.12,21.50,30.87,27.44,27.06
03/06/2020 22:18:57,31.69,21.56,30.12,27.37,27.06
03/06/2020 23:18:59,30.00,21.56,32.50,27.37,27.06
04/06/2020 00:19:03,31.19,21.56,31.50,27.37,27.06
04/06/2020 01:19:05,31.75,21.56,30.37,27.37,27.00
04/06/2020 02:19:07,29.87,21.50,32.38,27.31,27.00
04/06/2020 03:19:09,30.87,21.44,31.50,27.25,26.94
04/06/2020 04:19:11,31.81,21.37,30.19,27.19,26.87
04/06/2020 05:19:12,30.75,21.25,32.44,27.19,26.81
04/06/2020 06:19:16,30.00,21.19,30.94,27.19,26.87
04/06/2020 07:19:18,30.87,21.25,31.19,27.19,26.81
04/06/2020 08:19:20,31.87,21.25,31.81,27.19,26.81
04/06/2020 09:19:22,30.37,21.19,30.31,27.12,26.81
04/06/2020 10:19:24,30.00,21.19,32.44,27.12,26.81
04/06/2020 11:19:27,30.81,21.19,31.00,27.12,26.75
04/06/2020 12:19:30,31.75,21.19,31.37,27.12,26.75
04/06/2020 13:19:32,31.06,21.19,31.69,27.12,26.75
04/06/2020 14:19:33,29.81,21.12,30.25,27.12,26.81
04/06/2020 15:19:35,30.69,21.12,32.38,27.12,26.81
04/06/2020 16:19:38,31.62,21.12,30.94,27.12,26.81
04/06/2020 17:19:41,31.69,21.12,31.25,27.12,26.81
04/06/2020 18:19:43,29.81,21.12,31.87,27.19,26.81
04/06/2020 19:19:45,30.69,21.12,30.50,27.25,26.87
04/06/2020 20:19:46,31.81,21.19,32.25,27.25,26.87
04/06/2020 21:19:48,30.25,21.19,31.56,27.25,26.87
04/06/2020 22:19:52,30.12,21.19,30.25,27.25,26.94
04/06/2020 23:19:54,31.19,21.25,32.44,27.25,26.87
05/06/2020 00:19:56,31.94,21.19,31.19,27.25,26.87
05/06/2020 01:19:58,29.62,21.19,30.25,27.25,26.87
05/06/2020 02:19:59,30.50,21.19,32.19,27.19,26.87
05/06/2020 03:20:03,31.50,21.12,30.62,27.19,26.81
05/06/2020 04:20:06,31.87,21.06,32.44,27.12,26.81
05/06/2020 05:20:07,29.62,21.06,31.31,27.12,26.81
05/06/2020 06:20:09,30.31,21.12,30.25,27.12,26.81
05/06/2020 07:20:11,31.25,21.12,32.19,27.12,26.81
05/06/2020 08:20:12,31.94,21.12,30.62,27.12,26.81
05/06/2020 09:20:16,30.06,21.19,32.38,27.12,26.81
05/06/2020 10:20:18,30.06,21.19,31.25,27.12,26.75
05/06/2020 11:20:20,30.94,21.19,30.44,27.12,26.75
05/06/2020 12:20:22,31.75,21.12,32.00,27.12,26.75
05/06/2020 13:20:26,30.81,21.19,30.56,27.12,26.81
05/06/2020 14:20:28,29.94,21.19,32.38,27.12,26.81
05/06/2020 15:20:31,30.75,21.19,31.44,27.19,26.81
05/06/2020 16:20:33,31.69,21.19,30.12,27.19,26.81
05/06/2020 17:20:34,30.87,21.25,32.38,27.25,26.87
05/06/2020 18:20:38,30.00,21.25,31.19,27.25,26.94
05/06/2020 19:20:41,31.00,21.31,30.12,27.25,26.94
05/06/2020 20:20:42,31.94,21.37,32.50,27.31,27.00
05/06/2020 21:20:44,29.81,21.44,31.56,27.44,27.06
05/06/2020 22:20:46,31.06,21.50,30.69,27.50,27.06
05/06/2020 23:20:49,31.75,21.62,30.44,27.50,27.06
06/06/2020 00:20:52,30.12,21.62,32.50,27.44,27.06
06/06/2020 01:20:54,31.44,21.62,31.56,27.37,27.00
06/06/2020 02:20:55,30.75,21.62,30.50,27.31,26.94
06/06/2020 03:20:57,30.12,21.50,32.19,27.25,26.94
06/06/2020 04:20:59,31.19,21.50,31.81,27.25,26.87
06/06/2020 05:21:02,31.94,21.44,30.50,27.25,26.87
06/06/2020 06:21:05,29.69,21.44,32.06,27.25,26.87
06/06/2020 07:21:07,30.69,21.50,31.81,27.25,26.87
06/06/2020 08:21:09,31.75,21.50,30.50,27.25,26.87
06/06/2020 09:21:10,30.56,21.50,32.31,27.25,26.87
06/06/2020 10:21:14,30.06,21.50,31.62,27.25,26.87
06/06/2020 11:21:16,31.12,21.44,30.37,27.19,26.81
06/06/2020 12:21:19,31.94,21.44,32.44,27.25,26.81
06/06/2020 13:21:21,29.69,21.44,31.69,27.25,26.87
06/06/2020 14:21:23,30.69,21.44,30.56,27.25,26.87
06/06/2020 15:21:26,31.87,21.50,31.44,27.31,26.94
06/06/2020 16:21:29,29.56,21.56,32.13,27.31,26.94
06/06/2020 17:21:32,30.62,21.56,31.12,27.37,27.00
06/06/2020 18:21:33,31.87,21.62,30.25,27.44,27.00
06/06/2020 19:21:37,29.75,21.69,32.13,27.44,27.06
06/06/2020 20:21:38,31.06,21.75,32.19,27.50,27.12
06/06/2020 21:21:40,31.31,21.81,31.31,27.50,27.12
06/06/2020 22:21:42,30.25,21.87,30.50,27.50,27.19
06/06/2020 23:21:44,31.75,21.87,30.81,27.50,27.12
07/06/2020 00:21:45,29.56,21.94,32.44,27.50,27.12
07/06/2020 01:21:47,30.75,21.87,31.50,27.50,27.12
07/06/2020 02:21:51,32.00,21.87,30.62,27.50,27.12
07/06/2020 03:21:52,29.81,21.87,30.94,27.44,27.06
07/06/2020 04:21:54,30.94,21.81,32.31,27.44,27.06
07/06/2020 05:21:56,31.94,21.75,31.12,27.37,27.00
07/06/2020 06:21:58,29.69,21.69,30.12,27.37,27.00
07/06/2020 07:22:01,30.69,21.62,32.44,27.31,26.94
07/06/2020 08:22:03,31.75,21.50,31.12,27.25,26.87
07/06/2020 09:22:05,30.75,21.44,30.62,27.19,26.87
07/06/2020 10:22:06,30.00,21.37,32.00,27.19,26.81
07/06/2020 11:22:08,30.81,21.25,30.50,27.12,26.81
07/06/2020 12:22:10,31.69,21.19,32.50,27.12,26.75
07/06/2020 13:22:13,31.50,21.12,31.06,27.12,26.75
07/06/2020 14:22:15,29.75,21.06,30.94,27.12,26.75
07/06/2020 15:22:17,30.56,21.06,31.87,27.12,26.75
07/06/2020 16:22:19,31.56,21.00,30.37,27.06,26.75
07/06/2020 17:22:20,31.87,20.94,32.44,27.06,26.69
07/06/2020 18:22:24,29.62,20.94,30.87,27.06,26.69
07/06/2020 19:22:27,30.19,20.87,32.31,27.00,26.69
07/06/2020 20:22:28,31.00,20.87,31.37,27.06,26.69
07/06/2020 21:22:30,31.87,20.94,30.12,27.12,26.69
07/06/2020 22:22:32,30.62,21.00,32.31,27.12,26.75
07/06/2020 23:22:34,29.87,21.00,30.69,27.06,26.75
08/06/2020 00:22:37,30.56,21.00,32.44,27.06,26.69
08/06/2020 01:22:39,31.37,21.00,31.12,27.00,26.69
08/06/2020 02:22:41,31.94,20.87,31.69,27.00,26.62
08/06/2020 03:22:42,31.00,20.81,31.37,26.94,26.62
08/06/2020 04:22:44,29.62,20.75,31.25,26.94,26.56
08/06/2020 05:22:47,30.00,20.62,31.19,26.87,26.56
08/06/2020 06:22:50,30.37,20.56,32.19,26.81,26.50
08/06/2020 07:22:52,30.75,20.44,30.75,26.75,26.44
08/06/2020 08:22:54,31.19,20.31,32.38,26.75,26.37
08/06/2020 09:22:55,31.56,20.25,30.25,26.75,26.37
08/06/2020 10:22:59,31.94,20.25,31.87,26.75,26.44
08/06/2020 11:23:02,31.44,20.31,30.19,26.87,26.50
08/06/2020 12:23:03,29.62,20.37,31.87,26.94,26.56
08/06/2020 13:23:05,30.12,20.50,30.19,26.94,26.56
08/06/2020 14:23:07,30.81,20.56,32.19,27.00,26.62
08/06/2020 15:23:08,31.56,20.62,30.37,27.00,26.62
08/06/2020 16:23:12,31.94,20.69,32.38,27.00,26.62
08/06/2020 17:23:15,30.00,20.69,30.69,27.00,26.69
08/06/2020 18:23:16,30.06,20.75,32.38,27.06,26.75
08/06/2020 19:23:18,31.00,20.81,31.37,27.12,26.75
08/06/2020 20:23:20,31.87,20.94,30.12,27.19,26.81
08/06/2020 21:23:23,29.94,21.00,32.31,27.19,26.87
08/06/2020 22:23:25,30.25,21.06,30.81,27.19,26.87
08/06/2020 23:23:27,31.19,21.06,32.00,27.19,26.81
09/06/2020 00:23:29,31.94,21.06,31.50,27.19,26.81
09/06/2020 01:23:30,29.75,21.06,30.12,27.19,26.81
09/06/2020 02:23:32,30.19,21.00,32.19,27.12,26.81
09/06/2020 03:23:36,31.00,20.94,30.50,27.12,26.75
09/06/2020 04:23:38,31.75,20.87,32.44,27.06,26.69
09/06/2020 05:23:40,31.62,20.87,30.75,27.06,26.69
09/06/2020 06:23:42,29.62,20.87,32.38,27.06,26.69
09/06/2020 07:23:44,30.37,20.94,31.25,27.12,26.75
09/06/2020 08:23:47,31.37,21.00,30.62,27.12,26.75
09/06/2020 09:23:50,32.00,21.06,31.87,27.12,26.75
09/06/2020 10:23:51,29.62,21.12,30.31,27.12,26.75
09/06/2020 11:23:53,30.25,21.12,32.38,27.12,26.75
09/06/2020 12:23:55,31.12,21.12,30.94,27.12,26.75
